id	chromosome	start	end
5981	1	240000	280000
-68	1	280000	560000
5982	1	560000	600000
-69	1	600000	680000
1	1	680000	880000
2	1	880000	1280000
3	1	1280000	1560000
4	1	1560000	1680000
5	1	1680000	1840000
6	1	1840000	2120000
7	1	2120000	2320000
8	1	2320000	2480000
9	1	2480000	2600000
-70	1	2600000	2680000
10	1	2680000	2960000
11	1	2960000	3360000
12	1	3360000	3680000
554	2	1560000	1840000
555	2	1840000	2320000
556	2	2320000	2640000
557	2	2640000	3160000
558	2	3160000	3480000
6072	2	3480000	3520000
-118	2	3520000	3560000
6073	2	3560000	3600000
559	2	3600000	3720000
560	2	3720000	4000000
561	2	4000000	4880000
