id	chromosome	start	end
-63	1	0	80000
4775	1	80000	120000
-64	1	120000	240000
4776	1	240000	280000
-65	1	280000	560000
4777	1	560000	600000
-66	1	600000	680000
1	1	680000	800000
4778	1	800000	880000
2	1	880000	1280000
3	1	1280000	1520000
4	1	1520000	1680000
5	1	1680000	1840000
6	1	1840000	2120000
7	1	2120000	2320000
8	1	2320000	2520000
4779	1	2520000	2600000
-67	1	2600000	2680000
9	1	2680000	3360000
10	1	3360000	3560000
11	1	3560000	3720000
4780	1	3720000	3840000
-68	1	3840000	4000000
12	1	4000000	6040000
4899	2	1840000	3360000
447	2	3360000	3480000
4900	2	3480000	3520000
-111	2	3520000	3560000
448	2	3560000	3720000
4901	2	3720000	5000000
